0 0.009766 0.570278 0.019531 0.016105
0 0.046387 0.342606 0.016602 0.014641
0 0.094727 0.606149 0.025391 0.014641
0 0.102051 0.802343 0.030273 0.020498
0 0.225098 0.645681 0.030273 0.017570
0 0.245605 0.855051 0.034180 0.020498
0 0.279785 0.412884 0.022461 0.014641
0 0.351562 0.693997 0.029297 0.017570
0 0.349609 0.440703 0.023438 0.014641
0 0.375977 0.924597 0.037109 0.024890
0 0.454102 0.464129 0.021484 0.014641
0 0.491699 0.749634 0.034180 0.017570
0 0.521973 0.978038 0.040039 0.032211
0 0.562500 0.500732 0.023438 0.014641
0 0.633789 0.796486 0.033203 0.017570
0 0.668457 0.533675 0.028320 0.016105
0 0.796875 0.572474 0.029297 0.017570
0 0.949707 0.910688 0.038086 0.023426
0 0.956543 0.615666 0.032227 0.016105
